Смартфоны Huawei;1,2,3,4,5,6,7,8,9,10,11,12
Смартфоны Samsung;1,2,3,4,5,6,7,8,9,10,11,12
Смартфоны Apple;1,2,3,4,5,6,7,8,9,10,11,12
Смартфоны Xiaomi;1,2,3,4,5,6,7,8,9,10,11,12
Смартфоны One Plus;1,2,3,4,5,6,7,8,9,10,11,12
Умные часы Xiaomi;1,2,3,4,5,6,7,8,9,10,11,12
Умные часы Apple;1,2,3,4,5,6,7,8,9,10,11,12
Умные часы Samsung;1,2,3,4,5,6,7,8,9,10,11,12
Наушники Xiaomi;1,2,3,4,5,6,7,8,9,10,11,12
Наушники Apple;1,2,3,4,5,6,7,8,9,10,11,12
Наушники JBL;1,2,3,4,5,6,7,8,9,10,11,12
Наушники Beat;1,2,3,4,5,6,7,8,9,10,11,12
Телевизоры Samsung;1,2,3,4,5,6,7,8,9,10,11,12
Телевизоры LG;1,2,3,4,5,6,7,8,9,10,11,12
Телевизоры Xiaomi;1,2,3,4,5,6,7,8,9,10,11,12
Компьютерные кресла;1,2,3,4,5,6,7,8,9,10,11,12
Сумки;1,2,3,4,5,6,7,8,9,10,11,12
Чемоданы;1,2,3,4,5,6,7,8,9,10,11,12
Наручные часы Casio;1,2,3,4,5,6,7,8,9,10,11,12
Наручные часы Traser;1,2,3,4,5,6,7,8,9,10,11,12
Наручные часы Jacques Lemans;1,2,3,4,5,6,7,8,9,10,11,12
Наручные часы Xiaomi;1,2,3,4,5,6,7,8,9,10,11,12
Наручные часы Apple;1,2,3,4,5,6,7,8,9,10,11,12
Холодильники Samsung;10,11,12
Холодильники LG;10,11,12
Холодильники Nordfrost;10,11,12
Холодильники Бирюса;10,11,12
Холодильники Atlant;10,11,12
Холодильники Beko;10,11,12
Микроволновые печи Bosch;1,2,3,4,5,6,7,8,9,10,11,12
Микроволновые печи Gorenje;1,2,3,4,5,6,7,8,9,10,11,12
Микроволновые печи Maunfeld;1,2,3,4,5,6,7,8,9,10,11,12
Микроволновые печи Midea;1,2,3,4,5,6,7,8,9,10,11,12
Велосипеды STELS;4,5,6,7,8,9
Велосипеды Forward;4,5,6,7,8,9
Велосипеды Novatrack;4,5,6,7,8,9
Велосипеды Stark;4,5,6,7,8,9
Велосипеды Stinger;4,5,6,7,8,9
Ролики;5,6,7,8,9
Газонокосилки Huter;4,5,6,7,8,9
Газонокосилки PATRIOT;4,5,6,7,8,9
Газонокосилки Ресанта;4,5,6,7,8,9
Газонокосилки Зубр;4,5,6,7,8,9
Газонокосилки Champion;4,5,6,7,8,9
Планшеты Apple;1,2,3,4,5,6,7,8,9,10,11,12
Планшеты Huawei;1,2,3,4,5,6,7,8,9,10,11,12
Планшеты Xiaomi;1,2,3,4,5,6,7,8,9,10,11,12
Планшеты Lenovo;1,2,3,4,5,6,7,8,9,10,11,12
Планшеты Samsung;1,2,3,4,5,6,7,8,9,10,11,12
Планшеты BQ;1,2,3,4,5,6,7,8,9,10,11,12
Ноутбуки Apple;1,2,3,4,5,6,7,8,9,10,11,12
Ноутбуки Huawei;1,2,3,4,5,6,7,8,9,10,11,12
Ноутбуки Xiaomi;1,2,3,4,5,6,7,8,9,10,11,12
Ноутбуки Lenovo;1,2,3,4,5,6,7,8,9,10,11,12
Ноутбуки Samsung;1,2,3,4,5,6,7,8,9,10,11,12
Ноутбуки HP;1,2,3,4,5,6,7,8,9,10,11,12
Ноутбуки Asus;1,2,3,4,5,6,7,8,9,10,11,12
Ноутбуки Acer;1,2,3,4,5,6,7,8,9,10,11,12
Надувные бассейны;5,6,7,8
Кино;1,2,3,4,5,6,7,8,9,10,11,12
Сериалы;1,2,3,4,5,6,7,8,9,10,11,12
Путешествия;5,6,7,8
Концерты;1,2,3,4,5,6,7,8,9,10,11,12
Экскурсии;6,7,8